Knorr,Groceries,50.11
Lurpak,Dairy,71.32
Colmans,Groceries,18.93
High Farm,Fruit and Vegetables,20.67
Warburtons,Bakery,26.79
Cravendale,Dairy,31.78
Colmans,Groceries,2.54
Warburtons,Bakery,4.19
Bakers,Pet,15.40
Go Cat,Pet,27.51
Vaseline,Beauty,19.81
Activia,Dairy,0.37
Bold,Cleaning,17.21
Remington,Beauty,96.90
Gressingham,Fresh Meat,27.50
Tropicana,Groceries,7.62
Lurpak,Dairy,51.28
Cathedral City,Groceries,86.26
Muddy Boots,Fresh Meat,3.54
Loreal,Beauty,133.85
Lurpak,Dairy,15.57
Fairy,Cleaning,14.55
Dave's Dairy,Dairy,37.99
Muddy Boots,Fresh Meat,4.57
Richmond,Fresh Meat,37.20
New Farm,Fruit and Vegetables,6.83
Tropicana,Groceries,13.15
Cathedral City,Groceries,8.45
Colgate,Healthcare,20.02
Weston Veg,Fruit and Vegetables,117.68
Muddy Boots,Fresh Meat,6.35
Blue Diamond,Dairy,34.64
Finish,Cleaning,29.95
Vaseline,Beauty,1.29
Finish,Cleaning,48.54
Andrew,Groceries,20.37
Vanish,Cleaning,77.29
Heinz,Groceries,7.39
Butchers,Pet,37.88
Surf,Cleaning,19.31
Walkers,Groceries,25.94
Cravendale,Dairy,143.59
Gilette,Beauty,9.96
Felix,Pet,64.90
Cathedral City,Groceries,4.58
Tropicana,Groceries,23.14
Knorr,Groceries,86.12
Flora,Dairy,36.84
Garnier,Beauty,133.90
Gilette,Beauty,121.53
Heinz,Groceries,48.19
Sheba,Pet,19.17
Andrew,Groceries,105.57
Gu,Groceries,66.25
Gu,Groceries,68.04
Gu,Groceries,11.65
Vaseline,Beauty,15.17
Gressingham,Fresh Meat,21.50
Blue Diamond,Dairy,48.55
Remington,Beauty,8.76
Gilette,Beauty,40.79
Fairy,Cleaning,108.32
Colgate,Healthcare,7.18
Walkers,Groceries,67.16
Bold,Cleaning,41.38
Lurpak,Dairy,32.01
Florette,Fruit and Vegetables,81.23
Danish,Fresh Meat,26.66
Activia,Dairy,98.56
Go Cat,Pet,2.18
Blue Diamond,Dairy,3.40
Muller,Dairy,31.67
Blue Diamond,Dairy,115.97
Butchers,Pet,29.31
Butchers,Pet,4.33
Bold,Cleaning,40.59
Colgate,Healthcare,125.95
Colgate,Healthcare,5.23
Simple,Beauty,0.12
Tropicana,Groceries,95.57
